6.572514378765217E-002 
6.576093203891355E-002 
6.579304775449754E-002 
6.582205665790286E-002 
6.584842873006577E-002 
6.589449330214214E-002 
6.591463899762841E-002 
6.593312374057768E-002 
6.595013004531969E-002 
6.598033333136998E-002 
6.599380997814225E-002 
6.600637781145127E-002 
6.601807883580259E-002 
6.603930965799826E-002 
6.604897669967516E-002 
6.605805526621174E-002 
6.606657855390162E-002 
6.608220718311987E-002 
6.608938133938014E-002 
6.609618596608122E-002 
6.610266878346280E-002 
6.611471753755617E-002 
6.612035055416267E-002 
6.612573289736762E-002 
6.613086481998393E-002 
6.614042762152041E-002 
6.614489251324443E-002 
6.614916751027264E-002 
6.615325282842387E-002 
6.616092360632782E-002 
6.616449766596891E-002 
6.616791352571579E-002 
6.617119095828776E-002 
6.617733757988759E-002 
6.618023095397810E-002 
6.618300075167623E-002 
6.618565312908749E-002 
6.618820066421738E-002 
6.619300435517575E-002 
6.619525838941891E-002 
6.619741498936789E-002 
6.619948152908973E-002 
6.620335935120181E-002 
6.620517532351072E-002 
6.620690783457475E-002 
6.620856431766295E-002 
6.621166180338189E-002 
6.621311553141439E-002 
6.621450592052662E-002 
6.621583545039393E-002 
6.621710944783074E-002 
6.621833340401211E-002 
6.622064965999219E-002 
6.622174983723103E-002 
6.622281567484026E-002 
6.622385019859015E-002 
6.622485617636799E-002 
6.622679872888118E-002 
6.622774088327828E-002 
6.622866691835411E-002 
6.622958034166675E-002 
6.623137997088561E-002 
6.623226892842125E-002 
6.623315349001947E-002 
6.623403547923669E-002 
6.623578690142747E-002 
6.623665678265135E-002 
6.623752270627623E-002 
6.623838178496153E-002 
6.624007803130082E-002 
6.624091320068609E-002 
6.624173707299069E-002 
6.624254926020831E-002 
6.624413166871475E-002 
6.624489890265178E-002 
6.624564971256397E-002 
6.624638444820756E-002 
6.624780256760995E-002 
6.624848578360952E-002 
6.624915179670746E-002 
6.624980056888244E-002 
6.625105141340838E-002 
6.625165482307138E-002 
6.625224544929073E-002 
6.625282377138751E-002 
6.625394735828319E-002 
6.625449297740497E-002 
6.625502835478365E-002 
6.625555399095238E-002 
6.625606905634791E-002 
6.625706684028017E-002 
6.625754779526763E-002 
6.625801503284076E-002 
6.625846710594498E-002 
6.625932112230223E-002 
6.625972045261722E-002 
6.626009969300800E-002 
6.626045829211877E-002 
6.626079603191341E-002 
6.626140545470356E-002 
6.626167728485365E-002 
6.626192994559528E-002 
6.626216567448454E-002 
6.626238681646633E-002 
6.626279327192824E-002 
6.626298314290996E-002 
6.626316754560913E-002 
6.626334893150354E-002 
6.626371186375289E-002 
6.626389767878557E-002 
6.626408898863964E-002 
6.626428753179121E-002 
6.626470656007045E-002 
6.626492884224744E-002 
6.626516047200685E-002 
6.626540175904240E-002 
6.626591327070119E-002 
6.626618276253539E-002 
6.626645984195877E-002 
6.626703293856404E-002 
6.626732661961726E-002 
6.626762325870611E-002 
6.626792135414877E-002 
6.626851537816608E-002 
6.626880777653836E-002 
6.626909455861696E-002 
6.626937356717226E-002 
6.626988958026989E-002 
6.627012293282714E-002 
6.627033737247529E-002 
6.627053100265845E-002 
6.627070189726665E-002 
6.627096755242518E-002 
6.627105766654501E-002 
6.627111724170492E-002 
6.627114538060036E-002 
6.627114143408518E-002 
6.627110500486334E-002 
6.627093440299625E-002 
6.627080082861730E-002 
6.627063586991340E-002 
6.627044039741357E-002 
6.626996236086538E-002 
6.626968219735578E-002 
6.626937688975809E-002 
6.626904936675483E-002 
6.626870137418508E-002 
6.626795064463832E-002 
6.626755109941775E-002 
6.626713749865477E-002 
6.626671212288170E-002 
6.626583492274374E-002 
6.626538644229822E-002 
6.626493363250117E-002 
6.626447823071052E-002 
6.626356680687399E-002 
6.626311540161042E-002 
6.626266960710833E-002 
6.626223119139138E-002 
6.626138344846909E-002 
6.626097749544195E-002 
6.626058564024941E-002 
6.625985017213802E-002 
6.625950925002078E-002 
6.625918776326627E-002 
6.625888667435226E-002 
6.625834856512915E-002 
6.625811251935444E-002 
6.625789885585578E-002 
6.625770734215641E-002 
6.625738872678062E-002 
6.625726025808677E-002 
6.625715097957657E-002 
6.625705956462827E-002 
6.625692455082696E-002 
6.625687792335802E-002 
6.625684314250081E-002 
6.625681858083989E-002 
6.625679383558308E-002 
6.625679068407411E-002 
6.625679184349736E-002 
6.625679604774747E-002 
6.625680900433847E-002 
6.625681584879434E-002 
6.625682184869025E-002 
6.625682635939817E-002 
6.625682905516815E-002 
6.625682672000725E-002 
6.625682180206882E-002 
6.625680462423138E-002 
6.625679290292416E-002 
6.625677970104255E-002 
6.625676568970651E-002 
6.625673876016579E-002 
6.625672804550770E-002 
6.625672096815559E-002 
6.625671917121695E-002 
6.625673869550143E-002 
6.625676416807297E-002 
6.625680324368387E-002 
6.625685853894873E-002 
6.625702840442381E-002 
6.625714791835459E-002 
6.625729409051102E-002 
6.625746902971176E-002 
6.625767471526169E-002 
6.625818309647870E-002 
6.625848704503721E-002 
6.625882465817599E-002 
6.625919599197784E-002 
6.625960028303554E-002 
6.626003601047516E-002 
6.626050211799119E-002 
6.626099738785568E-002 
6.626206971620316E-002 
6.626264225968474E-002 
6.626323674077236E-002 
6.626385166797466E-002 
6.626448376736913E-002 
6.626513189763088E-002 
6.626647296970542E-002 
6.626716402171626E-002 
6.626786666773003E-002 
6.626858081670629E-002 
6.626930655387081E-002 
6.627004410558406E-002 
6.627155226533696E-002 
6.627232120486731E-002 
6.627309837656288E-002 
6.627388323228978E-002 
6.627467271858578E-002 
6.627546642014849E-002 
6.627706434668286E-002 
6.627786431358777E-002 
6.627866260615767E-002 
6.627945832030885E-002 
6.628024737022573E-002 
6.628179361165809E-002 
6.628254779689891E-002 
6.628328694533517E-002 
6.628400914560241E-002 
6.628539684256043E-002 
6.628606038797674E-002 
6.628670096266469E-002 
6.628731758652899E-002 
6.628847704376936E-002 
6.628901925134079E-002 
6.628953620197682E-002 
6.629002781932233E-002 
6.629093411064316E-002 
6.629134889351654E-002 
6.629173825083631E-002 
6.629210230881531E-002 
6.629275446440519E-002 
6.629304268079397E-002 
6.629330584729189E-002 
6.629354411774455E-002 
6.629394569522302E-002 
6.629410963182898E-002 
6.629424959874726E-002 
6.629436614820407E-002 
6.629445982159780E-002 
6.629458211511360E-002 
6.629461292599241E-002 
6.629462522324076E-002 
6.629462046938009E-002 
6.629456643747358E-002 
6.629452074407477E-002 
6.629446505217165E-002 
6.629440119160571E-002 
6.629433095147982E-002 
6.629417808552203E-002 
6.629409833959148E-002 
6.629401796778178E-002 
6.629393787683605E-002 
6.629378104343527E-002 
6.629370504271331E-002 
6.629363074862721E-002 
6.629355798746456E-002 
6.629341561719830E-002 
6.629334499632349E-002 
6.629327395834334E-002 
6.629320180782154E-002 
6.629312782029365E-002 
6.629297147978874E-002 
6.629288778868299E-002 
6.629279955282180E-002 
6.629270619296142E-002 
6.629260719905265E-002 
6.629250213435998E-002 
6.629239064002072E-002 
6.629214727372924E-002 
6.629201502821744E-002 
6.629187558357938E-002 
6.629172867746999E-002 
6.629157388512928E-002 
6.629141051567443E-002 
6.629123750373872E-002 
6.629105330762161E-002 
6.629064303824472E-002 
6.629041143299971E-002 
6.629015773469016E-002 
6.628987850043082E-002 
6.628957031051361E-002 
6.628923017456928E-002 
6.628885612740062E-002 
6.628800223148565E-002 
6.628752318766452E-002 
6.628701180797553E-002 
6.628647063128801E-002 
6.628590264092989E-002 
6.628531150976692E-002 
6.628407205474005E-002 
6.628342858157261E-002 
6.628277238204933E-002 
6.628210448928273E-002 
6.628142604441496E-002 
6.628004263181428E-002 
6.627933844900306E-002 
6.627862506163830E-002 
6.627790270239869E-002 
6.627717168574943E-002 
6.627568135555460E-002 
6.627492300001266E-002 
6.627415618470148E-002 
6.627338070405865E-002 
6.627259700816682E-002 
6.627100977821683E-002 
6.627020657445661E-002 
6.626939837558257E-002 
6.626858669305410E-002 
6.626695474842832E-002 
6.626613669675153E-002 
6.626531935498181E-002 
6.626450327903478E-002 
6.626368924740630E-002 
6.626207369932481E-002 
6.626127325524053E-002 
6.626047985181191E-002 
6.625969434842117E-002 
6.625814890513232E-002 
6.625739075035504E-002 
6.625664402290589E-002 
6.625518641431891E-002 
6.625447630130454E-002 
6.625378052372027E-002 
6.625309930547353E-002 
6.625178100999707E-002 
6.625114421117276E-002 
6.625052328487596E-002 
6.624991794251885E-002 
6.624875250618847E-002 
6.624819201847060E-002 
6.624764651906108E-002 
6.624711539702959E-002 
6.624609312232377E-002 
6.624560041549622E-002 
6.624511984280035E-002 
6.624465073058737E-002 
6.624374430224299E-002 
6.624330594198358E-002 
6.624287736397931E-002 
6.624245860802085E-002 
6.624164965829910E-002 
6.624125917559294E-002 
6.624087788791015E-002 
6.624050647291278E-002 
6.624014479715629E-002 
6.623944970609198E-002 
6.623911576126067E-002 
6.623879092641086E-002 
6.623847499923986E-002 
6.623786890014838E-002 
6.623757843831468E-002 
6.623729632992098E-002 
6.623702280446148E-002 
6.623650289384306E-002 
6.623625701663668E-002 
6.623602102946073E-002 
6.623579539032041E-002 
6.623537694382556E-002 
6.623518468200831E-002 
6.623500406528289E-002 
6.623483533434162E-002 
6.623467873306046E-002 
6.623440314612128E-002 
6.623428496434854E-002 
6.623418044776562E-002 
6.623409019558245E-002 
6.623401496837851E-002 
6.623391357128655E-002 
6.623388975616729E-002 
6.623388571254114E-002 
6.623390303686004E-002 
6.623394341667492E-002 
6.623400858929060E-002 
6.623410025031898E-002 
6.623436996414762E-002 
6.623455096256675E-002 
6.623476441877416E-002 
6.623501168624525E-002 
6.623529399381847E-002 
6.623561240777678E-002 
6.623596779760130E-002 
6.623635728311944E-002 
6.623723657707833E-002 
6.623772510467747E-002 
6.623824503886674E-002 
6.623879230714640E-002 
6.623936528572875E-002 
6.623996236028863E-002 
6.624122230558288E-002 
6.624187991944659E-002 
6.624255088467124E-002 
6.624323351030260E-002 
6.624392616300200E-002 
6.624462725459007E-002 
6.624604607029613E-002 
6.624675629557394E-002 
6.624746387113316E-002 
6.624816683851398E-002 
6.624886331177321E-002 
6.625022958972697E-002 
6.625089584163654E-002 
6.625154855592057E-002 
6.625218631650105E-002 
6.625341204530368E-002 
6.625399796772212E-002 
6.625456484173674E-002 
6.625511186072949E-002 
6.625614540110729E-002 
6.625663201312969E-002 
6.625709894455191E-002 
6.625754669026213E-002 
6.625797580642377E-002 
6.625878166755862E-002 
6.625916073016219E-002 
6.625952558289949E-002 
6.625987757223036E-002 
6.626021786876159E-002 
6.626086850683219E-002 
6.626118137111128E-002 
6.626148746661496E-002 
6.626178766342311E-002 
6.626208275794829E-002 
6.626266056160697E-002 
6.626294430542552E-002 
6.626322502952288E-002 
6.626350302391464E-002 
6.626377847956168E-002 
6.626432155896204E-002 
6.626458872211266E-002 
6.626485274143622E-002 
6.626511343852173E-002 
6.626562368886633E-002 
6.626587230165172E-002 
6.626611597649462E-002 
6.626635414157526E-002 
6.626681105425899E-002 
6.626702831030967E-002 
6.626723709957345E-002 
6.626743667296635E-002 
6.626762611535676E-002 
6.626797129652919E-002 
6.626812525518365E-002 
6.626826563184531E-002 
6.626839159057536E-002 
6.626850224700846E-002 
6.626867414286272E-002 
6.626873372408289E-002 
6.626877470609284E-002 
6.626879637849897E-002 
6.626879806835963E-002 
6.626877918857026E-002 
6.626867788099582E-002 
6.626859478959624E-002 
6.626848982559044E-002 
6.626836306172861E-002 
6.626821485834643E-002 
6.626804564357373E-002 
6.626785593988868E-002 
6.626764637622780E-002 
6.626741766813761E-002 
6.626717059531627E-002 
6.626690597415072E-002 
6.626662485099763E-002 
6.626632807340012E-002 
6.626601644128406E-002 
6.626569068048627E-002 
6.626535142450710E-002 
6.626499927198984E-002 
6.626463496223772E-002 
6.626425912902188E-002 
6.626387209255613E-002 
6.626347392757101E-002 
6.626306457794759E-002 
6.626264386692841E-002 
6.626221151045303E-002 
6.626176712693488E-002 
6.626131025363066E-002 
6.626084053434318E-002 
6.626035753927415E-002 
6.625986402402408E-002 
6.625935980030566E-002 
6.625884424495869E-002 
6.625831674454868E-002 
6.625777671320229E-002 
6.625722414547518E-002 
6.625665965509098E-002 
6.625608349642319E-002 
6.625549540177113E-002 
6.625489522657751E-002 
6.625428297162807E-002 
6.625365880448293E-002 
6.625302307353691E-002 
6.625237632536687E-002 
6.625172059494952E-002 
6.625105742875630E-002 
6.625038806690584E-002 
6.624971390922008E-002 
6.624903653321311E-002 
6.624835767802352E-002 
6.624768088452677E-002 
6.624700869414474E-002 
6.624634315349620E-002 
6.624568633220193E-002 
6.624440710012824E-002 
6.624378874416223E-002 
6.624318786278292E-002 
6.624260720854989E-002 
6.624204841255019E-002 
6.624151298064097E-002 
6.624100229048931E-002 
6.624051758536779E-002 
6.624005996874337E-002 
6.623963042186051E-002 
6.623923083114797E-002 
6.623886159217916E-002 
6.623852293324478E-002 
6.623821491304875E-002 
6.623769015732703E-002 
6.623747266828542E-002 
6.623728466915971E-002 
6.623712523674169E-002 
6.623699315282705E-002 
6.623688705873117E-002 
6.623680546738737E-002 
6.623670932257243E-002 
6.623669133920354E-002 
6.623669095907238E-002 
6.623670628686322E-002 
6.623673548242408E-002 
6.623682855160004E-002 
6.623688925526554E-002 
6.623695742907459E-002 
6.623703171632520E-002 
6.623711105348223E-002 
6.623728160513759E-002 
6.623737167645913E-002 
6.623746450614702E-002 
6.623755977536866E-002 
6.623775782785492E-002 
6.623786123694717E-002 
6.623796815036942E-002 
6.623807919069633E-002 
6.623831662797683E-002 
6.623844439903255E-002 
6.623857936856266E-002 
6.623872250095254E-002 
6.623887477580374E-002 
6.623903717532005E-002 
6.623939406572819E-002 
6.623958928565407E-002 
6.623979658310616E-002 
6.624001658625335E-002 
6.624024893167152E-002 
6.624049335494399E-002 
6.624074997090540E-002 
6.624101876101257E-002 
6.624159078495612E-002 
6.624189145188140E-002 
6.624220090209766E-002 
6.624251834550526E-002 
6.624284286010915E-002 
6.624317339852008E-002 
6.624350699995218E-002 
